gps_position:
    - point:
         x: -10.7138252258
         y: 25.5618114471
         z: 0
         lat: 35.689497
         lon: 140.021764
    - point:
         x: -43.6582183838
         y: -90.5709762573
         z: 0
         lat: 35.688356
         lon: 140.021244
